9394, 3368
2578, 56
7592, 8728
7080, 7612
9457, 1948
6941, 2228
2976, 3725
907, 9007
3246, 8696
7462, 6775
7527, 4087
3945, 8295
7318, 3165
2647, 7540
2851, 569
4795, 9039
3698, 8097
6685, 6239
9759, 9442
2544, 1861
9482, 4230
816, 3025
8629, 2211
7869, 1286
93, 8695
9847, 7019
3355, 6418
1983, 9286
6407, 8290
1906, 4003
7639, 4760
9180, 6300
7001, 2754
6705, 1781
8436, 2323
9304, 9680
3457, 5352
2295, 6476
8999, 7892
6320, 5619
3262, 5144
3228, 9897
3393, 2231
3068, 5105
1544, 4936
5218, 6078
6341, 5800
2907, 8891
8570, 3400
4212, 5693
9196, 6320
7846, 7984
4701, 4161
2518, 1463
2942, 2288
3950, 7075
6999, 1823
4748, 4050
5771, 7610
5855, 31
1594, 607
2292, 161
5083, 7342
1255, 9167
7904, 2769
6738, 2907
3657, 6740
6743, 4998
1719, 3996
7974, 4144
8202, 2779
8105, 9252
6706, 3400
8477, 3483
3369, 1499
9215, 8778
6995, 3586
512, 732
5813, 7101
6275, 109
6958, 1472
755, 1918
4550, 2676
5702, 2774
1835, 3246
9037, 276
9652, 3161
7454, 3425
3105, 4318
2402, 5808
4827, 8773
8236, 7074
5074, 4153
9409, 6410
3168, 5423
5596, 9936
7151, 7102
8251, 1105
479, 7839
1453, 9637
4113, 3728
8078, 4544
9232, 8054
4555, 4519
4177, 1510
9220, 7787
4894, 4041
5468, 3821
884, 9850
7681, 7041
4465, 6878
432, 1660
1212, 5630
5090, 1995
2755, 5102
6648, 1552
7203, 4521
7181, 5752
2576, 5452
4451, 8215
3620, 8720
6396, 6263
639, 6631
7723, 1058
7863, 7375
6315, 8601
6082, 960
6505, 2153
9797, 2180
3651, 8015
9620, 5043
1638, 7320
9713, 8175
7705, 9652
6981, 132
9481, 4993
9130, 9975
2294, 9868
9384, 3197
5336, 8267
9357, 9063
2138, 212
9079, 9072
3079, 4339
4345, 9273
38, 9723
3438, 159
3971, 6069
6374, 4639
5638, 5325
2871, 5739
1326, 6980
8731, 4913
8185, 9761
2699, 7930
4537, 8298
9759, 4100
5680, 7413
9343, 589
3227, 6672
9315, 6138
1844, 3749
2558, 3732
6964, 551
960, 4456
6012, 883
6115, 6321
6132, 9919
6566, 6250
8484, 5502
1917, 9068
2910, 7905
1188, 299
6792, 7035
2395, 4054
2017, 3666
5088, 4307
5255, 2015
7193, 1572
7716, 7114
9526, 1818
2135, 4474
9308, 8437
3055, 9990
2436, 5640
3331, 7637
8259, 3260
4644, 933
981, 8467
3430, 3813
7393, 3079
9642, 1966
179, 1328
2341, 4723
4108, 4497
952, 9599
1848, 9296
7004, 7839
874, 4369
4675, 6069
2909, 3898
6925, 3381
2421, 7301
4320, 9590
9546, 3776
7449, 873
4685, 8014
8681, 8456
7125, 2138
6582, 7385
6979, 4537
6608, 2109
2187, 4301
1845, 8787
800, 5862
6737, 2832
6988, 6860
1144, 1273
3159, 196
7492, 3605
1785, 447
852, 8368
5593, 3931
3890, 2594
5121, 1052
9887, 3909
1102, 7955
8942, 1064
2956, 4728
6606, 2372
143, 9367
7322, 2581
4487, 6266
1467, 2122
5565, 4369
6020, 1096
7937, 5846
9666, 6483
8388, 852
3125, 8925
8316, 5331
2915, 4544
2330, 6959
1463, 2465
5626, 5532
5601, 8651
9859, 7050
1027, 7908
279, 743
3154, 4803
6079, 5967
1847, 8722
7647, 2984
1400, 6056
6282, 2242
7685, 3324
8189, 37
8535, 1083
4674, 3579
673, 471
6113, 9571
234, 4127
3161, 3403
6939, 5207
9324, 3047
9657, 4254
2165, 7578
7577, 375
7857, 6713
1436, 606
8143, 5526
7767, 410
9564, 2990
375, 2052
7222, 118
255, 3696
4609, 1152
208, 131
6217, 4725
820, 4663
1521, 73
6915, 9086
3121, 6501
9765, 4654
9825, 8032
9986, 3099
888, 9497
7896, 1365
1845, 4029
9867, 7399
4359, 1357
9861, 1301
5435, 8351
5983, 229
1816, 5234
1466, 1070
175, 7470
4025, 6409
4673, 2394
4051, 8994
3216, 2036
8906, 8441
8421, 3372
9263, 7817
2187, 998
199, 1403
2987, 6765
4816, 3104
5566, 6315
6958, 4479
4700, 6851
8537, 7120
9866, 9724
9418, 8249
7767, 8005
5413, 7293
5993, 3012
9537, 5140
110, 1366
1397, 3573
739, 8749
5126, 3783
6306, 1200
2969, 5507
8014, 6766
6337, 6133
5263, 7707
9945, 6461
9136, 3193
9442, 3813
4244, 2219
5015, 1811
7388, 919
4689, 673
5969, 4515
821, 3291
4628, 7185
4931, 466
2958, 6346
230, 4307
7324, 9260
6859, 6358
8895, 3571
2260, 2284
533, 4671
8179, 1563
4199, 3498
5132, 3745
8591, 278
6709, 3647
2069, 521
5332, 396
9136, 5009
4308, 8432
4201, 5660
1832, 9195
4409, 1614
9766, 6530
2987, 3825
5677, 13
8075, 8314
9835, 6755
9738, 1542
3329, 3078
2403, 9047
8614, 4053
9, 4607
8116, 852
1058, 2222
1096, 3932
988, 2534
4007, 3239
6692, 8297
6409, 9593
1920, 7797
1960, 9743
9643, 9934
674, 1130
9522, 680
5839, 8242
6766, 4406
3084, 6381
9371, 8270
4317, 245
1197, 3447
5035, 5936
9626, 4763
107, 3150
1662, 8456
9161, 9876
8865, 8374
2309, 2225
454, 5300
1006, 1996
6079, 3603
3936, 9551
3960, 5711
6760, 4092
3504, 425
6438, 6705
5794, 3885
4338, 2527
2404, 3211
4248, 3419
5591, 6990
2329, 316
3100, 6374
4621, 6687
5393, 6328
4397, 5539
3363, 2978
2105, 2798
8770, 770
2641, 24
5717, 5724
3852, 2125
1985, 3645
5295, 4030
481, 6806
5593, 8400
1943, 5186
8009, 4595
7354, 5869
7880, 2895
7405, 4176
7823, 3580
626, 9504
9351, 1368
998, 6193
3410, 8686
1864, 5935
5438, 491
639, 274
5079, 6496
5629, 5597
4886, 2701
7200, 4901
5924, 8554
5978, 5582
8925, 8341
220, 9046
8956, 2342
2392, 3820
3941, 2660
3429, 2775
5856, 282
789, 7906
3852, 4882
8301, 9388
9552, 6990
3496, 8840
2929, 4816
4252, 3160
1014, 587
8577, 6268
4372, 8437
6066, 5234
9224, 8548
5064, 7559
8704, 9191
5215, 5733
84, 7336
1183, 2827
8016, 6008
5082, 8014
6473, 7796
3979, 5358
8109, 6570
1210, 758
4107, 7291
4131, 1932
9422, 139
2218, 3447
8212, 4219
4646, 9166
4316, 6121
7921, 9434
3043, 7116
8293, 7436
2839, 3593
4119, 4951
8852, 2942
9588, 3787
3021, 979
8449, 5420
9325, 6318
4078, 2625
4689, 4574
8510, 2557
9828, 6313
3737, 1249
9133, 7696
2488, 9644
3881, 624
3899, 2504
4015, 6856
1271, 4264
5001, 6124
4811, 3847
9601, 4548
4294, 6407
7248, 983
3536, 646
8710, 3510
9731, 2054
7541, 2270
4861, 9147
2747, 7946
2664, 1280
6176, 4856
842, 9377
8454, 6443
8567, 3531
8200, 6536
9680, 7127
2626, 8324
1805, 9803
4618, 300
2369, 3775
9239, 6466
1705, 4865
932, 916
7908, 2141
7385, 6125
406, 7499
2429, 8283
4501, 9252
6007, 368
3400, 2166
1192, 9352
9723, 8251
2005, 2891
3827, 6790
5280, 353
9852, 4446
4416, 935
2295, 3901
8142, 7367
3672, 2135
6237, 8749
4025, 9327
5326, 6957
8404, 1964
3702, 6518
2084, 6749
7411, 3551
4425, 373
7404, 9709
1879, 4753
5449, 2069
9989, 8387
8772, 3254
5020, 6147
5754, 6636
9554, 9787
4265, 774
3500, 4402
5755, 284
9737, 7760
7078, 7012
4141, 1380
4691, 6857
8129, 9921
4758, 8175
8795, 6791
4305, 8908
6459, 3451
1347, 2022
6694, 5569
6830, 7071
2936, 3640
2370, 5985
5476, 866
5422, 6952
8100, 5124
9875, 8927
9586, 7563
9631, 7143
7029, 3097
3599, 8280
1744, 1106
8639, 2619
2584, 3037
5159, 5473
8105, 3228
1896, 9554
9831, 6267
3337, 1160
3547, 2589
1970, 195
8018, 2292
1122, 6676
526, 8016
6471, 9451
77, 99
9570, 239
5892, 2050
7305, 5507
4989, 6322
832, 3550
6073, 6052
923, 8632
3687, 1836
3966, 4291
7226, 2246
5679, 2192
5818, 7205
6614, 5946
2813, 9595
6557, 34
3826, 9961
5147, 2607
9022, 2143
9344, 5856
7590, 3411
1105, 2725
8457, 3483
3116, 6234
9656, 2089
3446, 6816
7030, 6528
8085, 5568
9398, 1032
4133, 1086
976, 291
5420, 8363
7969, 1344
2854, 6736
9267, 6214
5058, 6505
5085, 8210
1495, 528
6425, 1415
3333, 955
1719, 6730
626, 2164
2305, 8000
1904, 1551
5838, 8231
2853, 7646
4797, 7675
425, 4307
7593, 8325
6718, 6137
1084, 1984
5957, 1250
1726, 2615
1553, 7314
1484, 9564
3142, 1309
7853, 5955
138, 3846
1108, 1906
4675, 2981
6123, 4424
9714, 4446
6492, 7360
9044, 3762
4362, 7873
7945, 9210
1109, 3705
473, 2202
518, 9624
6756, 8511
433, 1299
1791, 6077
7468, 3515
128, 3551
8218, 9063
7343, 9405
9846, 5355
1748, 5949
1463, 7108
627, 5412
5734, 5335
349, 8217
8446, 5108
8833, 77
3312, 2631
5921, 1753
2627, 4127
3777, 5884
8887, 8464
5434, 2961
9676, 3762
3555, 4417
8350, 8905
1760, 6216
4422, 5565
1842, 4372
2874, 6640
8993, 4604
5764, 6190
6117, 4469
5253, 7704
1213, 4086
5019, 752
9594, 9306
4881, 3596
8391, 8181
5237, 8829
5139, 122
9535, 8891
1858, 3680
6628, 6045
2317, 6231
7960, 299
7914, 6092
8984, 5031
4442, 9452
6278, 2885
1433, 9133
1327, 6633
4089, 4291
8831, 4320
9772, 610
5804, 6751
4415, 6626
3043, 5384
9309, 6522
201, 7238
4257, 7945
4439, 7951
5193, 2937
5696, 1659
8152, 7072
4124, 5254
6307, 4546
8994, 4829
2284, 4604
9450, 5427
8813, 9400
2997, 7826
1085, 2148
6747, 9869
4903, 4046
1727, 9840
6454, 8615
6222, 5250
4039, 1702
2243, 3302
6909, 2803
8441, 1894
8275, 3156
3173, 4199
868, 2920
5937, 8909
9865, 6653
4063, 4715
4978, 9375
1149, 8364
6302, 763
7451, 3333
2565, 351
6184, 2487
7509, 494
2649, 116
4268, 2892
5468, 5487
3800, 1750
8135, 2313
9202, 610
5902, 9629
5775, 3219
4300, 7481
741, 7168
9995, 4962
3989, 7810
9064, 7014
4769, 8562
2479, 3026
8692, 5466
9626, 7773
3016, 7828
869, 1343
5624, 9210
2506, 2890
4207, 1047
5596, 8433
8206, 4193
5679, 9422
5591, 8138
6720, 9381
5964, 8213
4062, 6031
5394, 7067
1813, 382
6789, 7385
2413, 1956
6072, 7244
5796, 509
6308, 156
6587, 5589
9112, 6073
8654, 6906
8113, 781
167, 143
7944, 4100
6068, 2856
5673, 3830
8071, 1296
7250, 9985
6103, 8901
8177, 6247
5681, 6306
8213, 1523
599, 8986
1237, 3407
9402, 6449
3912, 96
9128, 1836
1703, 2179
2955, 7043
8202, 6183
5265, 3915
8175, 9923
9282, 9565
4601, 2403
5214, 5906
7003, 5103
9059, 9699
6206, 4891
8779, 8163
9235, 261
5511, 6987
8473, 3536
5316, 7977
688, 1178
9298, 8240
2168, 6228
7701, 2232
494, 2418
8297, 7924
2691, 1414
5435, 8102
6930, 2984
7187, 4029
3525, 9584
439, 6466
6646, 8420
9225, 9311
6682, 3633
6414, 1369
4993, 5869
7271, 5674
741, 4815
4412, 4365
9054, 7662
4412, 6509
11, 6909
1508, 6124
6040, 2694
1549, 3097
2447, 9034
3288, 6476
9650, 8101
9098, 4361
2672, 2759
7015, 1016
7320, 8610
6730, 7164
8834, 825
99, 8944
8860, 5017
8768, 5157
1650, 9546
8501, 4575
2151, 5831
305, 7927
7509, 416
8482, 3017
8807, 1058
1611, 1978
1995, 1840
3367, 8101
7443, 3586
480, 336
8674, 7054
8962, 4474
6598, 8463
236, 3698
870, 8765
4935, 4013
2482, 7752
3318, 2596
59, 4851
8057, 7076
6056, 1521
4300, 3825
8904, 477
2559, 1230
3438, 3140
3442, 9586
707, 9280
5615, 9949
1652, 7804
5227, 6288
7401, 4084
5976, 437
5538, 6744
5340, 759
5926, 3400
1671, 3668
6157, 174
5297, 5392
297, 4098
4119, 2665
3999, 7354
8631, 1386
2581, 4573
8684, 562
1698, 7518
1694, 9239
3533, 6530
7584, 7966
1754, 4457
8674, 3175
4157, 3114
2826, 5228
4235, 4253
7059, 59
2171, 8511
868, 6210
3071, 9268
4700, 962
8271, 3552
3023, 404
539, 5937
8329, 155
8701, 4543
3955, 9068
6068, 9277
2024, 5296
6335, 4469
9698, 3366
4680, 3849
7382, 9741
915, 9859
7439, 3890
5683, 298
9767, 966
4214, 4275
8150, 2883
8707, 479
1136, 9806
7954, 3298
6306, 2323
4713, 6036
8640, 6494
970, 5852
1759, 3542
5987, 5287
7168, 8536
8093, 1608
5947, 5984
3228, 9878
9444, 3205
7312, 8787
2006, 1585
5488, 7328
2196, 4099
8669, 9973
7452, 9010
6623, 2386
1823, 7515
9995, 1940
2912, 4133
3151, 1570
4418, 6440
3035, 7187
5239, 2517
1002, 6090
5325, 8745
6371, 9728
4178, 7777
5304, 2440
3668, 9002
6875, 9265
8612, 5281
6963, 4270
8420, 3956
739, 2149
9456, 9738
9688, 9480
7607, 5881
9083, 1084
4051, 9797
5802, 2077
505, 2587
690, 3666
4658, 8867
3598, 1551
4493, 9915
9788, 8117
9683, 880
1927, 1510
6149, 5970
464, 1661
3611, 1289
7567, 5372
4575, 8261
4438, 5675
7116, 5667
5987, 4429
6710, 2048
9128, 3734
8584, 6019
3319, 7479
3836, 709
9046, 712
271, 3108
8058, 659
9305, 5507
6877, 2156
5046, 880
7983, 1191
7066, 5872
6026, 9488
1662, 6790
313, 4319
4295, 3685
8899, 2910
663, 7824
7943, 7530
9889, 2335
3048, 4493
8160, 524
2680, 3413
6115, 5969
5241, 2233
5187, 2819
644, 6186
4256, 598
9988, 2174
2026, 5511
3830, 5356
3882, 6129
4903, 1306
3175, 4482
2989, 8268
4120, 2985
9122, 8903
9496, 4436
2069, 654
3745, 3532
6030, 4029
9978, 1437
3566, 1170
3180, 6273
1637, 3581
7128, 4431
235, 9063
8038, 1401
2208, 4298
6031, 3222
5013, 1204
5748, 9793
6913, 8322
1093, 5086
6585, 1639
8121, 8237
8902, 6276
4779, 2967
3723, 68
6767, 6536
5258, 882
3235, 6711
2973, 4351
8225, 590
2830, 6995
3040, 2819
5727, 804
1681, 7903
3427, 9772
5386, 7067
7454, 2323
3065, 2093
7186, 1112
5346, 4178
8603, 1695
4690, 7322
3784, 4975
5544, 9372
6509, 8798
734, 3119
9023, 3179
7091, 4811
7655, 5593
6719, 8024
1228, 6984
8262, 6175
7516, 4917
3218, 221
3741, 5755
8577, 6270
9051, 8332
6371, 8621
7082, 6341
6120, 2511
473, 3473
9066, 2487
7999, 9361
1547, 2516
3953, 8000
3419, 822
462, 6565
8089, 4685
4017, 8283
8009, 510
6798, 5079
2229, 4710
5403, 8973
3651, 323
8276, 2943
8374, 3685
1141, 6657
8142, 5783
7261, 4811
6272, 2614
2127, 6978
2204, 2791
4508, 6127
5898, 5481
5209, 3320
1612, 4332
950, 1677
2681, 2070
7333, 9463
7366, 4155
7124, 9275
7407, 3608
2891, 703
9486, 6774
3878, 5335
5699, 5283
4287, 433
792, 6289
9043, 772
5589, 9189
2943, 1077
9543, 7845
4869, 6593
6984, 1280
1801, 4390
7810, 1170
1766, 4730
3750, 5532
8312, 8190
8747, 6010
1346, 8993
623, 5720
2317, 3911
6027, 4954
3882, 9759
1673, 2475
6853, 2938
1556, 6115
8077, 4871
3436, 39
9530, 3196
8949, 4223
7397, 9536
447, 3858
3661, 2649
2806, 4907
4333, 1241
2222, 6696
6211, 1452
6703, 9023
1502, 7040
8180, 1426
6609, 6970
2479, 7766
3084, 1003
1432, 867
5008, 5450
3534, 7519
2344, 5847
5786, 450
6163, 9038
5366, 1117
3453, 2360
2425, 9589
907, 8262
7278, 8514
4795, 8119
1732, 8999
4328, 1209
8117, 2167
9206, 195
5213, 8150
9273, 990
634, 6408
2583, 5315
5616, 1609
708, 4436
4898, 3910
3573, 4006
9953, 6555
123, 6631
4779, 7760
276, 6495
6396, 3312
4818, 672
4855, 19
640, 1924
6393, 6639
19, 4180
1466, 2104
3351, 525
3328, 4324
1100, 4282
7921, 5835
3583, 9950
5279, 1934
9389, 9546
6667, 3526
878, 2428
3159, 3805
4605, 1856
7875, 1969
4728, 3831
3122, 376
4688, 6992
6736, 7786
9916, 1960
4998, 8100
4234, 4499
9689, 2192
282, 5139
8417, 4436
9503, 1419
5336, 7078
802, 6527
4094, 7694
7087, 3017
7107, 3134
5144, 191
9070, 4739
8260, 334
1750, 2537
3164, 6992
9009, 1157
7499, 9688
4358, 7634
9689, 7983
8355, 7348
1068, 5268
8783, 6578
9864, 2319
2189, 7876
9742, 9602
7601, 4207
9284, 8021
7210, 4455
8610, 8110
3915, 9271
6163, 8924
1620, 2957
7949, 643
2715, 1257
740, 896
2362, 9078
1367, 2658
9520, 6254
2534, 2118
7948, 5101
2042, 8990
4991, 5818
2499, 9534
933, 1941
2324, 5745
8107, 1837
8392, 7333
8313, 6256
7552, 3643
213, 5929
7852, 167
238, 7908
2920, 712
3836, 6761
591, 213
2047, 5815
9193, 205
6520, 5277
8900, 6740
3780, 2626
8152, 625
7846, 1509
4600, 7203
8607, 453
4738, 3555
1932, 4585
8934, 2534
2417, 7889
3767, 5403
4001, 5810
5986, 2263
4623, 824
3672, 7543
3399, 6201
3190, 5159
8560, 8041
9374, 4364
1301, 6804
6296, 3325
8033, 4144
4083, 1440
8875, 8510
8043, 8046
3198, 5640
2560, 9555
4622, 6399
7970, 907
5475, 8979
163, 6020
5891, 8129
2263, 8960
6095, 5547
185, 2398
6487, 3625
5053, 1495
845, 8347
4714, 6866
463, 8709
3770, 8217
2117, 7958
4676, 982
7958, 2178
258, 4690
7863, 9185
1606, 8606
7203, 848
6424, 4226
3930, 7818
4918, 3644
2355, 708
6415, 7122
3247, 1126
891, 8039
5773, 8702
3009, 1805
2584, 1315
3869, 4219
4827, 1616
3069, 4818
1249, 8289
7196, 3530
8572, 1041
8912, 1422
8026, 7617
5752, 4470
5208, 5117
4009, 5143
4822, 3400
274, 5083
1029, 9725
5844, 4562
3353, 3067
4037, 7369
8090, 137
8760, 6507
8150, 7712
2937, 4644
8972, 740
9931, 2816
5252, 8601
7360, 9587
896, 7117
9269, 8688
320, 1218
5529, 2131
4334, 5771
5024, 2247
487, 1330
9858, 4432
1852, 7240
8212, 8853
3687, 4249
8161, 9027
2226, 5261
4259, 3250
9080, 8951
4188, 5632
2262, 7835
5121, 8143
5936, 5440
1017, 2008
8018, 7904
7842, 9096
9829, 2216
2079, 5051
1073, 4241
4061, 7271
3795, 1672
7660, 5770
1239, 447
8051, 3867
1370, 5275
7553, 3827
1925, 4916
8582, 2996
4811, 2525
4921, 3573
7092, 1315
1787, 7438
9596, 9183
2295, 5151
6330, 9671
8709, 6521
1529, 3236
7770, 9828
479, 8156
3977, 9232
5738, 5971
4220, 5314
9149, 33
1250, 995
5403, 6517
2060, 4253
843, 8207
2274, 7142
2319, 2827
6412, 4192
6135, 7369
225, 3108
9252, 9723
4935, 3555
2028, 2185
4481, 3072
52, 2495
5505, 2624
9273, 2438
2857, 5451
2444, 2324
111, 772
3339, 3820
7157, 6899
9883, 7819
5589, 5414
8131, 5256
987, 8338
5636, 5348
5430, 3159
5513, 4579
1230, 637
6529, 1857
6015, 6316
1233, 2094
9811, 1854
9332, 2293
3877, 7241
2135, 8279
6178, 6745
8908, 8377
1313, 7158
5959, 2303
5993, 6749
9116, 7714
1296, 2367
1383, 7059
1572, 678
5440, 7113
36, 3103
9257, 8683
3652, 9393
7342, 8185
9777, 7879
1561, 6544
698, 6967
7187, 4066
1418, 211
5931, 5078
2440, 3677
6230, 8662
3920, 2250
1841, 8711
8712, 6399
7867, 7551
3809, 6926
8714, 3758
2748, 9759
9834, 1784
9225, 7116
114, 3970
9861, 6618
2657, 2697
8832, 2979
8879, 8902
3148, 5019
1878, 9886
9377, 7225
3947, 1787
998, 4518
1518, 5476
6937, 8225
1579, 960
9061, 6524
5737, 1273
8607, 4436
1016, 537
7717, 9434
190, 2055
2240, 2142
9282, 1125
2802, 2067
7033, 3203
535, 2793
8821, 5734
9808, 6374
2042, 1098
1809, 6843
4429, 1342
9674, 650
9247, 4483
8367, 2632
7362, 8251
9486, 9149
4454, 508
4435, 8842
7264, 2851
1593, 3650
9219, 1134
1123, 4202
7580, 1111
1211, 1482
3787, 4736
40, 1835
8367, 4711
8513, 3117
6105, 6330
1912, 5532
3184, 8362
116, 8909
94, 6359
1257, 6616
5191, 7868
3959, 8375
5557, 5483
6267, 6181
6359, 2486
5495, 9567
362, 3255
4154, 6211
2081, 8773
6730, 7106
2937, 390
6096, 568
5906, 266
4723, 1908
4441, 4255
9644, 6494
9662, 4909
8232, 966
8808, 9883
7649, 8149
5570, 5776
6913, 3983
1015, 2374
8414, 6340
6567, 8436
9016, 8228
793, 9916
7365, 7068
6368, 435
8912, 6958
4049, 3867
3674, 9102
2956, 9672
156, 6791
3238, 909
7553, 9689
1027, 1381
7562, 4546
8690, 6927
2339, 7204
8001, 1461
5123, 5912
5788, 4682
3895, 3
8052, 8396
7565, 8361
3657, 1307
4526, 6112
6186, 7574
7614, 695
5816, 7585
9555, 9212
2714, 4760
9814, 3823
8420, 111
4329, 4177
7237, 4150
9767, 2592
8558, 6076
8043, 5589
5081, 5399
2672, 5718
5877, 6181
1422, 3056
4626, 9602
1676, 3597
653, 5826
5285, 3471
129, 6607
2295, 9535
9332, 5955
7896, 7313
1436, 6329
9025, 2366
8263, 6783
7112, 2067
4600, 5849
4086, 6625
1838, 7168
210, 6559
237, 3123
4447, 9465
3494, 8424
7942, 1417
7326, 4405
9399, 7096
3239, 2193
7060, 20
8188, 7921
8899, 1440
3536, 1211
9020, 3446
6759, 3122
592, 4419
84, 4838
8921, 1681
4446, 7392
4745, 9746
7515, 1886
2532, 4076
8494, 1147
6011, 24
5774, 563
3812, 7876
2983, 4958
1957, 5296
3064, 670
1316, 5517
4311, 7176
6833, 902
3625, 3191
8264, 9119
7279, 1000
3521, 7154
2158, 7109
3988, 7285
5977, 2607
7814, 4393
4826, 5945
479, 9025
5886, 2233
7003, 3107
3557, 1847
6308, 7943
2989, 2592
5276, 9425
477, 5462
6576, 4867
9779, 1590
8281, 2622
4904, 284
160, 4941
8174, 6171
5220, 2564
9354, 2269
8316, 1826
7018, 3123
2282, 8857
1250, 6791
2427, 6496
5594, 1338
211, 7431
1230, 9271
5073, 2230
1604, 3511
497, 5537
7743, 2034
9232, 8020
9807, 3722
8954, 764
9665, 8517
7082, 8837
2283, 3878
8745, 3232
3386, 6581
1737, 8493
5116, 2506
5382, 3913
3118, 9036
7467, 6432
2021, 8178
1590, 6654
8432, 1236
8502, 2702
2732, 2598
603, 974
3743, 3578
6792, 4803
338, 1027
6310, 5292
1285, 6568
7274, 9223
2593, 4197
4625, 7656
7179, 5608
8281, 7346
567, 6710
7293, 4011
8393, 3255
9639, 406
4958, 7175
8750, 9207
7111, 1400
7437, 5528
8012, 6088
9001, 2712
4651, 3514
8708, 1651
8102, 7752
7276, 7641
9403, 1007
2674, 8620
2798, 8455
1335, 718
8409, 3995
1270, 8674
1730, 1157
4521, 7613
1371, 9472
8300, 9295
6644, 4825
3780, 3035
6973, 6184
6565, 8099
1947, 8665
1527, 8625
8564, 8262
3242, 9555
6502, 8910
1546, 2440
4826, 4481
7755, 7095
3455, 1895
4812, 6576
7665, 9490
3611, 1988
2657, 9675
8768, 4332
643, 3084
654, 6953
5863, 5434
131, 6250
1238, 3152
3351, 7146
7896, 6574
8113, 692
4239, 2619
7023, 6507
5572, 2653
6122, 3055
8686, 9638
1607, 3837
3250, 8841
8873, 5699
6523, 3353
5809, 86
9992, 957
214, 3139
9009, 10
76, 8839
5179, 7502
6790, 6714
5238, 9383
8745, 2587
9634, 5333
8787, 6863
5422, 7470
2706, 7291
4364, 7089
8120, 4860
9418, 9208
6086, 9453
3479, 9044
3759, 6221
6003, 9180
4270, 9636
7369, 1193
5916, 2415
6013, 2264
2563, 8448
9126, 3955
474, 3715
9964, 6261
7977, 7394
8532, 6418
3300, 8177
4367, 9557
9196, 9239
1417, 7211
278, 7928
7772, 2395
9495, 9703
7522, 4164
9326, 5736
6854, 3521
4066, 6731
3657, 1049
8737, 1234
9589, 4723
36, 5303
2992, 9863
5972, 3948
9545, 6530
2510, 9934
4152, 76
5844, 2302
2703, 7403
3049, 9242
5357, 365
617, 8099
1120, 1138
4948, 2140
8288, 7175
4487, 2428
8179, 6879
7216, 4236
6945, 5967
6957, 3454
9765, 193
7511, 7844
5974, 44
183, 8757
8536, 8345
3980, 2367
5260, 1513
7041, 7032
9593, 6859
8884, 7534
2079, 9060
94, 8927
2796, 5533
5183, 5812
47, 5199
4409, 7033
1166, 5580
7944, 7759
9394, 6735
1323, 9097
153, 2847
7890, 9275
8881, 2703
4927, 7326
8681, 3846
897, 611
585, 2112
3880, 632
2809, 4062
8698, 64
6089, 3157
2313, 1689
4505, 5109
1175, 6969
2038, 5641
5201, 5987
5493, 6536
4357, 968
274, 5746
5448, 2836
1639, 4857
1928, 2098
9713, 9918
5900, 8732
2860, 3626
8411, 5697
1626, 4856
9733, 7067
9695, 4242
9873, 9215
6108, 9081
6943, 4823
787, 8982
3311, 522
9123, 1798
5768, 750
4820, 1321
3436, 658
4734, 6248
6468, 1753
4638, 8627
8550, 7267
3823, 1202
512, 1558
1772, 7196
3953, 5522
1360, 4005
4839, 9226
4066, 5915
2591, 6848
1205, 4257
6083, 7887
9717, 8093
9519, 585
9658, 7025
1386, 1239
8038, 2320
3047, 8734
4176, 186
4864, 1143
7956, 6522
554, 8592
3418, 8016
7784, 373
7451, 4943
4068, 831
8266, 5360
8262, 2411
1894, 8215
9524, 5729
3795, 8306
873, 308
8351, 2066
9615, 2622
7285, 1843
3993, 4016
5439, 3930
9758, 9866
9735, 3930
4511, 92
9903, 9367
9923, 7346
6791, 8856
4137, 9477
1102, 1216
2842, 8715
9876, 6034
1543, 7395
5164, 8676
4001, 9376
2685, 718
3199, 8730
5299, 6622
813, 5367
4804, 8779
8223, 1056
2247, 5905
594, 4294
4961, 3243
9676, 2994
4301, 805
990, 3701
1945, 4174
7917, 8656
7634, 6758
4989, 6102
5172, 7942
5626, 8002
5480, 6930
8188, 7722
8675, 2207
5681, 1633
1920, 9905
3754, 9269
7249, 1112
5639, 330
3447, 1711
2957, 9812
9166, 4614
7195, 640
1112, 5106
7997, 2782
8965, 9980
7723, 5090
6423, 4232
1170, 1741
7676, 609
3369, 2000
7465, 1444
3410, 8476
7232, 1107
2590, 1548
3366, 4285
3947, 9425
130, 2638
2710, 2638
207, 9003
426, 9564
9889, 3530
224, 584
735, 6803
5175, 8350
7254, 3090
7495, 7927
6614, 5000
6021, 5280
6805, 525
953, 2975
343, 56
1633, 9012
5412, 3563
8941, 5864
2410, 4577
7396, 2845
452, 5376
4831, 9012
3783, 4565
2313, 7742
398, 684
6215, 1711
7848, 1156
6343, 796
2823, 9860
2256, 8111
5440, 3334
5831, 6935
1173, 9998
110, 7035
2644, 215
4151, 4803
4616, 6342
761, 3291
4776, 5722
1725, 8887
1437, 9744
6989, 6260
901, 7548
5247, 7185
79, 8435
598, 4290
8649, 4327
3749, 4956
4399, 3739
6714, 7840
7531, 9804
2275, 6222
1674, 303
2281, 7084
5814, 6456
383, 8840
8320, 4476
4935, 4150
3686, 1947
670, 1552
5447, 6072
7319, 135
5536, 694
1672, 4262
314, 5781
8546, 5621
6627, 2365
8032, 1225
1664, 669
3590, 8178
4776, 743
8676, 7356
5814, 4778
1376, 6185
6467, 4300
9774, 165
5772, 7118
5678, 2568
3978, 416
9741, 3195
8230, 4022
126, 5697
7384, 9698
2508, 2721
5469, 66
2746, 8708
5162, 7107
7345, 2983
7650, 4808
1062, 6521
3413, 9238
4892, 5060
6822, 5533
2333, 1561
6622, 2534
6054, 8350
4397, 6332
2864, 9212
4892, 3547
6373, 3985
5011, 9531
6292, 9925
8376, 714
363, 6468
4224, 9135
9857, 5955
1546, 4856
3151, 6583
409, 3571
1929, 7338
3035, 2556
1084, 3477
9706, 4953
8003, 2017
3025, 8006
9751, 2260
32, 6930
5473, 6738
185, 2004
3098, 9758
6370, 3583
8590, 5348
1550, 6107
7970, 9473
8954, 8772
6867, 8313
1396, 933
1267, 9267
3833, 1173
716, 2303
7412, 8253
8689, 1169
3381, 1883
4235, 6387
6699, 2649
5406, 1711
2182, 3715
9589, 1367
5349, 4446
2525, 6792
6336, 7012
7611, 1205
1063, 8240
1719, 5983
2639, 8296
4525, 3629
7340, 9568
1805, 1135
8956, 4315
9570, 2017
7064, 5174
733, 2462
5172, 9157
5899, 8419
9862, 4078
7293, 9493
431, 1237
758, 7687
5756, 3933
4827, 8932
5635, 5573
8126, 2094
870, 5950
4001, 1586
9415, 9377
2256, 1157
2156, 9498
7612, 6232
1764, 6801
2832, 1352
2915, 9033
8061, 6798
4232, 2157
6874, 8956
5165, 4803
8258, 9430
8389, 6678
7888, 1390
1166, 1601
5305, 1617
1451, 6649
9883, 4040
2998, 2490
7052, 6964
223, 6411
386, 4720
9417, 690
7494, 6214
195, 7757
876, 3884
1487, 6997
6503, 9512
2815, 2064
7111, 2365
1797, 632
1737, 9073
4640, 8078
9335, 7011
5846, 9726
8304, 8040
4329, 6793
1757, 2727
8485, 4991
2667, 2392
117, 3926
5307, 3039
4749, 8447
6534, 476
5179, 2841
5104, 9196
9892, 6114
4475, 320
4912, 3618
4042, 3527
7644, 9625
2315, 9163
158, 5090
9625, 652
2312, 4600
1004, 7702
481, 7341
6946, 4108
2940, 8833
5149, 2799
959, 4127
3791, 607
498, 1742
2782, 5759
8951, 9503
8970, 2645
2477, 5728
5184, 6535
7113, 2918
9606, 7211
3189, 7085
8161, 5527
394, 2726
5341, 6307
7804, 1268
187, 8625
8111, 3189
9124, 5427
6207, 1029
5567, 2031
5312, 1571
6385, 3007
6843, 2095
343, 6337
5708, 7709
8939, 7607
8096, 9384
1973, 6870
5004, 3191
4669, 5634
4982, 1312
1153, 8311
3768, 295
2464, 6020
2870, 4546
1094, 8283
7025, 4854
9775, 1325
3970, 6895
3630, 5093
8548, 3509
4998, 4277
1471, 2171
3515, 5014
8066, 9792
7864, 7858
1070, 9958
1827, 6109
3487, 4309
8965, 7049
4565, 9867
5112, 9033
2973, 6137
8126, 2836
9156, 5208
4460, 959
2418, 5905
3480, 9864
2990, 1941
5916, 3008
2424, 5792
2751, 333
1940, 5080
3449, 4915
7109, 4691
6353, 9365
6192, 875
7270, 9142
3670, 7059
8449, 5999
6903, 6403
5269, 2887
6176, 5736
4969, 2670
8273, 5233
1733, 7965
8203, 7590
7057, 5739
4571, 7752
5792, 4143
4149, 5273
1304, 837
3726, 1974
832, 675
5559, 8559
5420, 3790
392, 6501
8648, 7611
966, 6403
9354, 7504
9296, 7885
8758, 875
4926, 10
343, 5434
5651, 9286
6110, 3368
5410, 3457
1529, 7233
7289, 8002
6426, 4626
2426, 7339
2621, 5811
9381, 7331
7357, 9015
4647, 2608
8020, 8847
6079, 1785
7566, 5138
3835, 6708
5371, 6182
6113, 342
703, 2664
5269, 8424
6916, 9078
8280, 13
1136, 4196
7334, 4062
1881, 3363
5515, 6425
4379, 1037
2361, 4468
925, 1885
6740, 1001
2664, 1745
3007, 4780
8650, 9327
7729, 5059
6919, 5094
1294, 4504
6293, 1351
1183, 8500
6985, 2819
9275, 8528
9250, 4649
20, 2399
8904, 3418
2186, 8875
2178, 8733
7085, 7434
5921, 1665
627, 8968
4164, 6313
9971, 1573
2751, 7627
3815, 4564
6953, 1428
4827, 8733
4484, 6942
3906, 4960
4032, 4721
3995, 2144
8211, 34
7735, 7515
3979, 9008
2764, 8338
3027, 8531
5416, 4392
6082, 8667
747, 24
3758, 1678
864, 5133
1824, 7790
2433, 5461
1610, 2971
1532, 1629
170, 5204
55, 4486
5839, 5230
4715, 7217
1799, 6811
9217, 1424
698, 6694
1009, 237
7733, 2714
4833, 5591
3782, 2760
5651, 8090
3519, 6864
3619, 6968
8409, 7084
7855, 616
4953, 833
6071, 5586
1218, 9265
8484, 3694
4097, 5886
2480, 2744
2076, 6728
4310, 7267
2975, 9531
8484, 9054
1041, 8482
2555, 5528
6263, 2395
2171, 8913
485, 3305
2418, 1740
7409, 3278
3697, 9852
8655, 2324
2469, 8080
4720, 4754
252, 9011
2663, 4915
2078, 2470
6773, 7976
7045, 333
3736, 7195
7040, 1106
4815, 5498
4613, 8931
5132, 5889
8771, 8740
2548, 6078
9545, 5756
1741, 2338
7255, 3200
9539, 2155
5183, 5989
393, 9574
6640, 7683
8480, 4171
362, 2180
9234, 9318
744, 1459
3084, 704
3917, 1840
2398, 1783
593, 1431
1452, 4630
1316, 2082
2773, 3665
6980, 2908
2335, 3693
3717, 9316
1663, 7630
6067, 9249
3673, 1606
9404, 7046
4770, 8722
260, 2314
7461, 8907
525, 7869
4278, 878
6290, 8560
5730, 5796
8173, 8727
3296, 4888
9086, 4661
9194, 7702
8683, 9704
2154, 6861
2968, 8356
7229, 2683
2297, 9145
9236, 3592
7090, 91
9500, 590
5819, 2777
3982, 3311
1992, 8142
8844, 5370
4954, 705
3682, 8848
6304, 1414
4063, 7982
4264, 1719
3791, 7480
7270, 1236
4378, 390
1498, 4526
1633, 5862
979, 3641
901, 9265
5733, 7736
2167, 4718
1776, 4529
3404, 8975
2444, 6586
3652, 8717
8345, 8414
331, 9667
3925, 7308
683, 8646
8202, 6674
8096, 9425
5648, 1139
5406, 8075
2889, 8727
5620, 7500
8846, 4614
6039, 6150
3356, 9739
4930, 9542
2464, 3017
9235, 2368
3338, 7477
8233, 7051
4137, 3577
3372, 6088
7342, 8323
8935, 3357
9832, 3732
1368, 1237
1392, 2150
5224, 8736
2150, 491
9998, 7407
8304, 9581
9823, 1081
2980, 5527
2482, 4415
5132, 5550
498, 820
303, 1371
1623, 286
4862, 733
5475, 9519
9347, 907
2272, 1357
9254, 4104
7640, 6366
5631, 8283
5350, 9030
8408, 5067
6034, 5565
5449, 2362
2962, 9714
6394, 1706
7121, 6748
3012, 9671
8699, 6341
1609, 7682
3052, 2611
7218, 5590
6049, 6827
6910, 773
7944, 9569
8939, 2652
3939, 326
8265, 3837
449, 9027
2251, 9480
5752, 6486
8117, 5472
1218, 6635
7616, 6037
7113, 2076
6579, 4276
889, 5307
1824, 1267
6145, 2836
1206, 9577
6262, 1384
5250, 7369
9618, 3030
8930, 1892
639, 5979
8032, 7215
6349, 9471
2347, 910
965, 3163
367, 8944
3221, 6034
7261, 9842
7811, 6076
5569, 5753
3794, 2270
4304, 3908
1015, 8048
8380, 3564
4091, 3371
4701, 9077
9327, 4743
1963, 7844
7050, 6168
3335, 8634
7728, 4771
126, 874
7417, 799
9802, 1055
5302, 3435
3154, 5609
643, 1066
2109, 6773
7353, 5323
122, 2226
1976, 1408
7191, 2652
1285, 6987
5890, 5521
2752, 412
3427, 8632
9712, 8285
8664, 7897
8744, 261
7893, 3006
4473, 492
8047, 1836
3813, 7978
5440, 1694
5156, 7690
3927, 7369
6834, 7164
8320, 9505
708, 9637
4195, 6223
243, 9489
8558, 2024
3037, 3377
5359, 3843
1065, 5264
81, 4212
3745, 7360
5571, 4196
1710, 3079
4431, 2791
3678, 4826
3707, 3254
5172, 5829
5951, 2258
1869, 3255
8530, 2273
4613, 8889
2013, 8123
5177, 8470
3629, 3141
1972, 7290
525, 4845
7030, 801
4153, 7421
5147, 6649
6919, 2161
8700, 9289
7981, 3108
5716, 7137
7707, 8772
2083, 4407
8421, 6258
5844, 7348
3728, 3957
3823, 4923
2234, 1184
2566, 7923
2928, 8613
8969, 991
4521, 9677
6393, 2473
7150, 7520
486, 5319
4043, 8350
2101, 3479
8818, 4295
2692, 951
6296, 1854
4539, 6615
6677, 4704
798, 4551
9091, 9277
6873, 1627
8771, 1411
8396, 4366
3906, 1278
745, 5351
3457, 3099
9833, 8186
2199, 4440
6193, 5135
8738, 7236
3991, 5003
3099, 4654
3143, 5125
8312, 780
1119, 106
8942, 9398
506, 11
8206, 7875
5859, 7777
7386, 7386
3863, 7587
9194, 1436
9980, 680
2197, 2948
5002, 7349
8463, 9810
9265, 7528
3624, 1820
1537, 7304
2202, 5731
4396, 50
6759, 7279
3590, 5093
8359, 2422
1909, 3995
548, 8550
4564, 9746
5619, 4150
8036, 8404
7098, 7394
3239, 4229
9031, 8946
7980, 1784
1808, 5465
2836, 990
5922, 3314
2273, 2736
308, 2522
8660, 8082
5664, 9974
1239, 2027
2075, 2252
9180, 7395
2050, 8653
6889, 313
4860, 4111
4150, 3176
6869, 7422
9969, 6168
4359, 6777
9581, 7777
5294, 1382
8427, 8095
4314, 3128
6616, 4955
5267, 3669
1449, 8996
1485, 4684
6982, 5382
9856, 1150
5024, 6071
5873, 9803
7374, 451
752, 9202
2910, 5257
3017, 6714
4399, 9867
4333, 7437
5550, 1601
3295, 4118
4183, 9288
9506, 9929
2825, 1803
4337, 6356
1555, 5688
5591, 2341
63, 8798
7591, 3887
3176, 4034
3822, 9331
3719, 5458
5041, 107
4828, 873
2363, 8080
3071, 5121
3693, 3138
7394, 5518
70, 5775
7088, 1339
3372, 9268
6397, 6249
4096, 9068
1088, 82
5450, 4007
5508, 4790
9521, 3702
3478, 8422
8997, 6613
4417, 3326
9852, 9196
6091, 6931
2097, 6806
7992, 7112
8300, 6849
7799, 1456
3265, 9422
1367, 233
4170, 8694
9882, 1825
4250, 2293
462, 8843
6680, 9431
7870, 4798
8414, 186
439, 3492
4729, 7402
7207, 7055
3393, 1486
9219, 771
2175, 9462
9089, 5208
5592, 6974
6086, 7619
4462, 3257
3133, 8811
3682, 6066
6830, 5901
9491, 4734
328, 9558
2500, 8648
3487, 8497
3971, 5461
1097, 7840
6891, 6953
1367, 1720
8485, 2519
762, 3897
8509, 8938
1319, 8625
3865, 2430
4287, 960
2403, 5310
39, 3754
1761, 7403
4120, 4069
5394, 30
5107, 3420
1175, 428
6418, 4818
8287, 8666
8692, 5694
1718, 9235
3094, 2678
3795, 8192
3066, 6391
9851, 6630
906, 1737
7732, 3677
1273, 9311
244, 6753
5950, 5395
6996, 7986
8599, 936
5544, 8353
3617, 7316
3589, 5000
7456, 7899
2988, 3
1180, 6283
3835, 6591
4383, 1378
2657, 2696
4071, 3151
9725, 1474
6685, 5162
2590, 3831
9484, 9166
8469, 1479
805, 7672
1363, 6003
5225, 8779
1724, 1985
2838, 8543
3863, 9178
9443, 8209
5884, 4749
2890, 9675
1127, 3148
4686, 7785
8461, 7818
379, 8371
6182, 5545
3907, 5536
9424, 3148
5788, 7201
9785, 5638
8725, 7535
3877, 2876
3468, 6987
7378, 2019
3720, 2620
7607, 9353
4362, 7237
5358, 2190
2543, 7347
6984, 7471
7542, 8205
983, 4009
4065, 5064
4449, 7188
6465, 4476
5940, 3661
7819, 5698
8717, 2973
8304, 326
1757, 3733
3847, 2249
8134, 9163
9819, 4085
994, 3880
5322, 6704
6557, 394
3749, 6885
9485, 1795
327, 4942
9412, 805
8366, 4737
2510, 1680
6176, 7265
6909, 2414
9406, 4581
6455, 1055
1163, 379
6240, 6049
7584, 9918
1766, 193
5794, 5616
913, 8474
6803, 6615
9089, 9801
79, 4570
1909, 272
6470, 4859
4374, 334
7857, 1506
1669, 4313
1468, 6666
7294, 6341
7008, 7288
2360, 1039
407, 2731
6247, 2730
684, 826
3158, 1911
3622, 9834
4414, 7269
9078, 8198
4178, 776
3458, 406
1661, 4039
4210, 4501
2165, 9475
1039, 8692
6042, 7522
6833, 1201
4520, 1049
9869, 3451
72, 4196
4773, 2432
3083, 6670
7241, 1126
8660, 8039
1817, 3818
4255, 6251
6848, 7195
5289, 2223
4435, 6980
6830, 5931
1516, 3769
6346, 1821
5696, 9421
1172, 1200
8139, 3887
176, 732
7907, 4141
986, 1555
2815, 1775
6676, 285
689, 9617
6587, 6504
3366, 8115
3291, 8451
3750, 9796
5922, 5749
735, 3031
3438, 5972
5857, 9857
9304, 57
48, 5294
2900, 4367
7533, 2062
8036, 6365
9976, 5205
2231, 3044
4232, 166
7500, 1727
5136, 9759
4761, 286
5242, 8006
4860, 9926
3224, 4277
1502, 6849
8003, 5097
5613, 331
9733, 1190
9409, 3120
6914, 1641
2058, 4672
45, 2002
9705, 3389
3775, 8568
3482, 9502
4619, 8774
5229, 7019
5473, 8977
4474, 7249
8133, 6135
4021, 7670
1573, 9123
775, 926
90, 4691
6342, 6999
1312, 3130
3393, 637
8846, 6633
2455, 3872
3226, 123
4716, 3267
5967, 1792
7992, 1871
4843, 3901
4805, 2851
9861, 8968
6820, 7859
3795, 9616
4721, 4629
7106, 909
3829, 632
8208, 3895
5776, 4814
5961, 5812
2299, 945
901, 4307
8662, 5710
2635, 2439
2404, 7139
6334, 6859
6657, 8101
7968, 9032
1275, 6664
1715, 683
1837, 4345
248, 3695
7202, 1583
9348, 6650
2889, 6722
5055, 6215
6430, 3804
8662, 1516
7658, 8879
3872, 8448
1877, 5246
1716, 751
9471, 8739
1309, 3245
9901, 83
5688, 5654
2896, 5659
7229, 4857
2262, 7739
3924, 6230
9618, 2715
521, 3928
5893, 209
3899, 8992
7651, 4551
5246, 8488
8191, 8285
8891, 6869
7583, 9717
8711, 6206
4041, 8819
5535, 1149
7715, 4706
5357, 2377
368, 7502
9240, 364
9956, 9771
2570, 1252
8416, 3987
3639, 6384
7889, 4527
1249, 256
4516, 3503
2106, 2310
5785, 6237
483, 9801
2490, 2236
2159, 1112
5251, 789
1879, 4364
1858, 5884
5921, 4212
620, 5598
1908, 5574
2707, 1763
8090, 2589
801, 2857
6403, 9235
9518, 779
6190, 4895
9357, 7074
1649, 7979
6154, 3732
470, 8106
8396, 597
7738, 2902
9591, 5771
6918, 5265
8520, 5977
8016, 2157
5717, 1153
6239, 4909
2301, 9591
3685, 4762
144, 9539
9574, 3989
6797, 8639
1222, 6449
268, 6484
9030, 1687
5352, 9968
9681, 8584
1516, 3208
7235, 6765
2213, 2777
4707, 4441
6158, 8804
6744, 2393
3718, 5300
6872, 7532
2629, 6691
5579, 1114
2348, 229
1085, 8944
5652, 7153
9830, 7873
8537, 2118
4936, 2053
9566, 8281
3278, 6545
5583, 6906
1770, 7973
909, 6377
84, 7880
8600, 8812
1227, 1697
6806, 8570
5605, 7519
567, 6688
9088, 9560
8903, 8631
1069, 7514
7191, 5515
7175, 3106
2987, 6746
790, 2506
579, 5192
2535, 4294
5212, 8007
4164, 1111
5112, 9239
7478, 7792
7331, 2147
6098, 2866
135, 96
9349, 492
3835, 4863
4547, 5766
3049, 2441
3282, 8136
1054, 1736
341, 2118
4902, 5441
1374, 5768
5365, 8477
402, 1022
2715, 8079
358, 2543
8689, 4
8518, 5393
1311, 1050
8993, 5417
343, 48
9189, 3770
3169, 6373
645, 7837
5774, 7316
4401, 3737
2411, 9409
3285, 8719
2981, 6705
2178, 9507
3711, 2318
8634, 7753
2935, 1548
6843, 7571
2796, 5021
6430, 5214
2321, 9156
3393, 1168
2689, 2427
5555, 9807
1163, 4348
199, 4184
162, 1303
9329, 3205
9497, 6448
4208, 9975
8975, 7551
9661, 8987
1095, 2523
8936, 1171
3145, 1406
6337, 5195
3870, 4639
3837, 6389
4523, 6391
1825, 3066
8039, 7631
2972, 5578
8211, 7356
885, 1952
822, 6791
6750, 700
6628, 7440
5822, 6000
3089, 5762
3358, 8303
1551, 7940
4163, 1193
212, 3851
8797, 4932
4192, 4584
194, 56
3763, 6647
2644, 70
899, 6832
2522, 2156
9511, 5515
2110, 1147
9418, 2156
6326, 9504
9486, 4233
8556, 6466
3361, 3786
2755, 6134
1218, 3186
5895, 3079
2000, 8722
9479, 3480
1304, 739
8228, 7498
9732, 9250
2675, 2810
2596, 3173
9161, 6830
8821, 5398
9732, 5931
6290, 4152
5090, 8699
1656, 3784
9454, 9340
9041, 5914
3313, 19
9989, 2418
3189, 9786
2271, 9905
6173, 6032
1005, 7056
4497, 2296
3842, 4445
2767, 6560
9727, 4278
2045, 9735
6376, 2529
9025, 2612
5900, 8173
5977, 8041
8210, 4888
1995, 1076
3360, 7764
6788, 9576
1166, 5579
8238, 138
6046, 9252
9157, 9934
8682, 1040
8578, 1241
4144, 2817
2475, 8210
9275, 4254
7862, 7664
8944, 5083
9661, 6168
2529, 1191
5267, 7548
4026, 2721
1524, 105
5205, 3046
7328, 9356
4159, 124
5631, 9576
3996, 9528
1276, 8304
9852, 1575
4531, 130
5787, 447
503, 8160
4916, 731
9231, 6444
3249, 1584
6115, 7056
6952, 6765
6634, 3170
9394, 9709
5900, 3951
7751, 6891
8359, 7357
3661, 9037
3670, 2925
4397, 9775
8956, 7440
5194, 4301
7838, 7499
1504, 116
6814, 1574
2007, 4902
1957, 8309
3862, 4868
8406, 8993
7887, 7844
6789, 6103
111, 5308
3444, 7758
7282, 7327
4550, 6967
8417, 681
2219, 3103
4566, 8163
1527, 8082
6201, 913
9651, 4833
516, 1011
3319, 675
901, 6018
4672, 3475
7941, 1084
3166, 7378
1572, 2693
4403, 7633
2261, 6901
6560, 9695
9853, 5770
9623, 3798
1763, 9635
7980, 2209
9889, 9953
8062, 6951
726, 400
70, 8020
2631, 5049
7369, 8108
2505, 1280
2214, 7952
6121, 6519
4278, 1638
7112, 382
2468, 1366
8156, 5550
346, 6827
5602, 563
9664, 6376
911, 3145
6485, 1622
4556, 5756
8300, 5276
1260, 8708
9094, 309
5687, 3650
6772, 4274
7571, 2672
7954, 8792
3187, 9020
3908, 1148
3601, 2868
8132, 6381
3740, 6484
4009, 5090
5933, 9683
901, 1569
8395, 4626
3271, 8995
2150, 8904
9268, 1003
321, 1342
6229, 5114
7925, 3003
7435, 4444
901, 9219
3720, 5440
7990, 2296
8396, 7901
6757, 194
6361, 8223
4161, 8396
440, 8809
4340, 4764
8628, 5570
4380, 8698
8049, 2869
8704, 7061
7300, 1637
1975, 4274
9646, 2871
915, 4853
8827, 5142
3416, 899
429, 272
7885, 4260
8643, 5902
3259, 5770
1925, 1246
3357, 8722
2804, 7663
8152, 8636
2291, 6098
4104, 1436
2239, 5254
6106, 1645
6488, 4734
3368, 1737
8692, 766
6863, 9805
3334, 3351
7161, 4894
9178, 132
4111, 2690
8629, 1310
2200, 929
2751, 7076
7990, 8072
1020, 4527
6724, 4105
7218, 268
274, 9809
6233, 8428
5619, 3551
6821, 4416
6775, 5674
3965, 1949
7343, 7467
983, 3240
2521, 7840
5245, 1576
3130, 594
7406, 41
9785, 5470
1740, 6464
9102, 3896
2142, 1723
9212, 4670
8709, 9364
9990, 8659
5750, 3908
8264, 3573
4319, 2359
3703, 5166
8413, 7870
9847, 3932
1549, 8691
6536, 5600
885, 1805
5697, 4031
6865, 7226
2344, 9281
9014, 57
9549, 6927
4855, 8752
6530, 2630
5007, 9728
2823, 5340
8792, 2605
8284, 7757
839, 4077
8906, 7040
9745, 109
4685, 9482
1302, 5139
9544, 5108
3265, 7484
9210, 5963
9713, 7119
7614, 5425
1643, 3865
846, 2139
690, 4400
1720, 55
1631, 544
9308, 9024
3252, 4373
5131, 1301
3613, 1851
9707, 9933
3261, 8200
863, 6231
8233, 7235
5520, 2486
9062, 9689
7464, 5882
1563, 8543
1432, 3967
4182, 1306
8928, 7894
1573, 7825
9933, 1883
352, 7099
7198, 4831
223, 1944
5110, 5318
8432, 2476
4263, 2945
2582, 5688
4192, 408
3300, 5884
6104, 3766
527, 5856
9323, 5178
6284, 9918
2373, 8845
5137, 5339
8878, 7002
8520, 6865
3485, 8474
7472, 1005
3286, 1141
4397, 9131
700, 9395
9057, 9057
8637, 4511
5639, 6091
158, 8965
1560, 7308
7136, 2066
1208, 1071
8150, 269
8535, 2343
5441, 213
1671, 2608
6013, 4439
7628, 353
7204, 9870
3510, 2305
6495, 6008
1098, 3216
3555, 8578
5776, 4726
8341, 4930
7917, 8087
2625, 9491
4306, 7932
8445, 2941
5166, 3942
6294, 4377
5429, 862
6607, 7354
5311, 1261
798, 9824
1503, 2166
1302, 4476
7272, 8649
8119, 5504
610, 6081
3816, 8491
3587, 2242
8053, 1005
9427, 3437
2291, 7585
1076, 2365
1515, 4861
7944, 5844
6002, 2667
7816, 821
7314, 3757
3880, 193
621, 3368
6272, 2869
569, 3382
8575, 6326
4980, 5177
1290, 3982
3958, 5734
8900, 494
4756, 2758
7160, 5674
3953, 1284
8306, 822
8531, 4261
3932, 8287
5479, 2863
3088, 7426
992, 1327
7140, 7181
6211, 7051
6273, 4917
8742, 1256
7999, 2989
846, 5894
6827, 6563
3209, 3325
9356, 3855
1259, 351
6677, 8918
1936, 8006
3486, 7425
4192, 7300
2364, 8889
84, 1472
5292, 3787
4622, 8463
6795, 6550
5971, 6494
6063, 9214
8662, 5519
1069, 4402
6932, 9984
9756, 2310
5348, 7477
7007, 9503
5059, 4285
6589, 563
2598, 7397
5570, 6335
873, 1800
8970, 2076
6993, 5487
8952, 9165
7581, 1915
9719, 1686
6431, 2593
2111, 5793
3608, 9475
8173, 669
1045, 292
621, 6477
5640, 3685
7928, 7274
373, 298
9669, 8887
5971, 6978
6991, 7707
7401, 597
3874, 7792
5697, 4080
2161, 8097
9560, 6462
6917, 1393
9079, 164
2950, 1214
3390, 9115
3924, 323
4027, 9246
9202, 363
8104, 6814
9689, 5985
4146, 3782
8754, 1087
4006, 9184
1917, 3277
3865, 9251
390, 6137
693, 3338
3230, 3842
5679, 6971
7715, 5482
9385, 5848
6041, 2093
741, 2671
357, 8890
2346, 711
295, 3786
8696, 5940
3430, 1551
7309, 2314
221, 5965
273, 8595
9705, 8326
4739, 7497
6295, 9442
4816, 4736
3289, 6742
4268, 5024
1879, 2031
2230, 6571
4278, 3213
9593, 879
940, 2144
4454, 6453
7580, 1300
7639, 4121
5452, 4112
3494, 315
5703, 9418
4701, 5382
8873, 4342
3130, 6381
8060, 4755
9829, 2199
9726, 4725
4448, 6529
2874, 5093
419, 6630
6650, 9306
2265, 9673
451, 3940
9876, 64
5766, 6456
1782, 9253
2463, 4768
2300, 8437
7943, 9354
9326, 4802
2902, 3534
5086, 2733
6274, 2887
4585, 7946
3356, 325
4662, 3563
1391, 7523
1646, 8842
2005, 4647
3009, 3357
1343, 7156
8893, 2521
7180, 325
4618, 7591
4765, 9545
485, 4434
4058, 6022
9459, 8149
884, 3294
5576, 2008
3666, 9922
4013, 3921
2120, 1962
185, 2950
5869, 6970
6569, 1740
7173, 2868
3202, 3574
9268, 752
1456, 255
2125, 6660
4181, 9896
1971, 3843
7310, 6247
5891, 1565
510, 5437
4700, 524
9351, 6669
855, 4876
8032, 7066
5085, 1786
9915, 6368
2545, 7481
3216, 4939
2582, 6995
9221, 8091
3324, 8122
3781, 7856
7807, 8410
8448, 2711
6699, 7024
1854, 3209
9346, 8982
6926, 704
2385, 4080
5138, 3531
4574, 4822
9426, 5192
392, 4669
9279, 2030
1590, 2344
3393, 8669
3601, 7292
6926, 3601
7644, 6102
2496, 3590
2271, 3824
4831, 2141
6180, 5873
9394, 1568
8141, 6921
2506, 539
705, 4725
9170, 6764
4595, 2768
5122, 678
1505, 6868
4213, 5457
9380, 3537
1961, 6502
770, 4854
2964, 885
9141, 3755
5356, 3271
14, 3329
9584, 215
7012, 8364
296, 2695
6951, 8825
5484, 1968
7401, 649
8627, 9135
8851, 1889
9676, 531
3818, 5645
3967, 6958
2242, 4263
6266, 1405
8914, 7307
8839, 6356
4515, 6301
1026, 5251
7527, 5602
9148, 8791
8430, 5943
4192, 8354
1251, 5413
6513, 4556
8356, 3321
6339, 7186
9898, 2382
9451, 4363
3971, 7268
1803, 5334
7098, 2320
2180, 6930
6493, 522
4824, 1854
4514, 2883
4886, 2105
3317, 4665
3276, 804
6233, 5792
7144, 2590
2916, 7716
9496, 577
5731, 6519
3996, 6391
711, 2080
2272, 5704
8050, 2625
3018, 6974
2350, 460
2280, 1218
2313, 5190
3188, 2138
8247, 2844
6081, 127
451, 2553
8668, 9712
6273, 519
7157, 7720
8259, 9089
9244, 3364
831, 3250
6387, 6013
8251, 2007
3499, 9384
414, 5723
7626, 5632
7411, 615
501, 6236
9725, 2572
1217, 4377
7296, 5391
1989, 6944
7669, 2824
9885, 6197
718, 9587
1578, 9400
2264, 8826
5285, 1867
5421, 2084
1709, 3760
1709, 8882
1304, 1916
7762, 6711
3227, 7797
649, 315
5471, 9905
8943, 3494
1495, 149
3716, 3288
6842, 4455
8410, 6393
9120, 3077
6029, 4213
8925, 8900
4198, 5808
6398, 102
270, 9736
2464, 8707
654, 8480
2303, 9853
7719, 1923
5415, 5514
3845, 7103
6467, 2350
8750, 1455
3510, 1679
5809, 3814
6806, 582
8944, 1516
37, 3728
5276, 7013
6030, 7567
1360, 7462
1848, 3239
2792, 1939
8852, 5185
344, 4798
904, 1979
5532, 8124
6705, 3861
1619, 5256
8998, 4751
9635, 4721
3168, 9377
362, 6844
7410, 8361
1986, 5083
1389, 5603
2097, 2403
6965, 6709
9326, 7293
701, 9966
5051, 1134
893, 576
8264, 8555
6373, 8411
2642, 6907
9852, 6689
4273, 6418
1844, 8609
7176, 1254
5111, 4438
8019, 6969
9594, 8211
7909, 2679
9228, 1543
1411, 8761
2390, 1270
4757, 5654
5275, 7150
947, 4498
3120, 6539
4634, 6440
3924, 2940
8154, 5373
1579, 17
2776, 5664
3460, 3352
8795, 1565
7118, 9756
9468, 6213
1229, 4643
6574, 46
3945, 7865
8839, 5455
3220, 7932
3655, 7303
7050, 5877
3684, 8631
5549, 8549
5782, 169
7209, 5652
8887, 9399
5985, 3828
8984, 6733
3263, 6903
6708, 9233
9893, 3853
6484, 3846
1493, 8951
1954, 3136
139, 1625
4401, 7018
5533, 4589
6992, 7587
8950, 540
1935, 2888
2647, 8621
7039, 9717
8183, 8917
5421, 6198
7347, 3476
5234, 5499
7932, 4817
3411, 6430
9496, 3211
2503, 184
5581, 4467
3480, 848
8944, 9062
6785, 1428
6229, 7620
5204, 7667
8870, 799
7413, 5324
302, 261
1751, 7789
5912, 8275
7365, 715
3058, 8675
2518, 4946
982, 6852
5178, 9737
4524, 8524
133, 572
9185, 4835
9570, 470
7869, 8608
8843, 8544
7760, 4626
6312, 8678
2804, 9002
2655, 705
884, 3348
9516, 3584
775, 6143
1856, 8618
9313, 1920
2900, 1154
806, 5224
9750, 8063
3172, 8481
6351, 4130
4725, 1858
9498, 4852
199, 1221
9534, 610
4791, 4783
461, 4660
8805, 1892
980, 5980
8608, 7006
8899, 2480
5070, 4771
3323, 3586
6992, 6142
9151, 2705
5219, 9381
7452, 8293
6974, 3699
1405, 770
8969, 7371
735, 1491
3593, 2569
4054, 4109
7847, 9388
8615, 6128
6817, 118
2415, 9912
8570, 6137
4815, 3178
470, 5761
8200, 733
8459, 9465
3438, 9328
6188, 737
9758, 190
3738, 3457
5371, 9887
7903, 4634
8856, 285
485, 274
3376, 9413
4891, 2787
936, 1239
122, 1706
9497, 3962
8403, 2337
1710, 8418
2263, 5480
1181, 8632
8053, 9256
311, 9808
7234, 3508
7667, 6953
2484, 3847
8182, 928
5501, 2437
7407, 6820
3445, 5314
8156, 8940
8141, 1839
1242, 8920
829, 6512
6310, 3587
3774, 918
2907, 6419
9748, 6481
4963, 7341
2908, 8710
4468, 7909
6841, 2962
8131, 870
6341, 1864
5434, 5346
8171, 8019
1597, 3432
9364, 3759
3459, 331
5217, 6149
2094, 6523
2444, 1741
6849, 2100
4595, 541
2344, 6240
2855, 2080
4692, 8587
2619, 463
1844, 119
5448, 6320
2431, 1331
6713, 6535
4501, 3570
5043, 397
1051, 8321
8699, 6097
4816, 7625
9313, 7798
4399, 6522
2810, 8752
7858, 7266
2949, 6634
8656, 9129
8776, 6070
6268, 8142
9908, 843
3175, 5226
9994, 7451
6573, 90
3997, 3132
1881, 1284
1673, 1492
3762, 5827
8315, 6161
8875, 4181
4983, 539
1967, 4590
1647, 5005
6044, 2707
5736, 2744
5270, 1362
6063, 8657
4427, 446
1767, 3398
3292, 1040
2339, 1800
7478, 7879
1728, 7987
7622, 8624
4764, 1813
2732, 4059
5950, 5606
3968, 8163
4593, 2158
5847, 1976
7704, 8967
459, 5
2711, 1631
9836, 7804
6319, 4728
13, 7060
5136, 8245
9133, 3439
584, 2247
7805, 613
2395, 6208
5999, 8059
8050, 6114
6852, 7081
6915, 3420
5423, 7914
2854, 9998
9492, 1653
2558, 7902
6159, 4952
527, 5885
115, 2715
8772, 2256
420, 7812
5434, 5090
4284, 1033
2103, 2398
3086, 2720
7500, 8250
9118, 8181
7204, 4566
4612, 8195
385, 3292
1418, 4161
353, 4823
7173, 122
9246, 5880
8681, 6981
342, 435
8041, 9005
6737, 2313
6087, 2927
2034, 345
2706, 519
7910, 4224
6114, 7029
4604, 7540
3306, 1018
9549, 9680
5509, 6070
2061, 7550
8143, 9264
7886, 9414
734, 9525
8558, 9612
7592, 4798
5647, 7926
5786, 4090
4750, 808
1075, 1408
7522, 1192
9058, 9540
5036, 8088
1900, 5576
5051, 8933
99, 5941
2191, 8732
6147, 8388
1616, 8182
3592, 3533
914, 3064
3559, 8885
3531, 8654
2379, 4138
9652, 481
8962, 9611
8976, 1826
205, 5622
8247, 5981
1263, 9478
6121, 5202
9452, 6725
1056, 9720
5852, 3472
5152, 2782
1280, 7410
6263, 2314
1458, 7429
4619, 5232
2075, 4511
8190, 6717
7088, 6464
5237, 3185
215, 2698
5225, 8348
4670, 7835
6697, 2955
7843, 9955
5540, 544
8067, 6105
2214, 4447
1052, 4795
3221, 6207
5935, 3621
5874, 6207
7105, 7635
8862, 7505
2772, 516
1379, 3882
1834, 1534
7607, 8626
4695, 4077
2800, 7754
1810, 4519
2943, 5287
9057, 9808
7781, 7190
9516, 9053
5525, 8366
3718, 61
9468, 9816
5382, 1660
3272, 9980
8231, 2073
2247, 583
2174, 8870
2427, 8093
8101, 5937
7953, 1751
4948, 1073
8538, 8052
3685, 8970
1118, 7186
56, 7514
8819, 8616
6630, 1544
6608, 9494
6146, 9335
5993, 7940
2505, 615
4717, 4297
7486, 86
5143, 506
5352, 6979
4437, 5506
6234, 9063
8339, 8334
9912, 1573
9196, 9278
6796, 7652
746, 8348
9716, 9758
2922, 3915
625, 8738
5522, 9005
5594, 3521
9963, 4662
4807, 5359
2421, 826
8841, 3387
1411, 3216
4444, 4355
8563, 227
6178, 4100
2273, 3531
3930, 8903
2570, 2276
9760, 9044
6380, 5467
9603, 4463
2653, 3086
775, 4607
6654, 455
6133, 2853
7906, 1432
8195, 2033
5125, 4915
849, 305
7328, 4971
9204, 2125
513, 7064
575, 4446
6289, 1759
7712, 149
9951, 3735
8940, 921
5078, 5441
5985, 7389
7867, 8060
1248, 2655
7597, 22
3866, 4369
5318, 7
1649, 4384
4622, 8021
2178, 9994
9715, 4385
1391, 4576
9029, 6210
1280, 9675
6721, 7727
6400, 637
3078, 2345
6639, 61
4643, 3315
6882, 7495
2558, 9242
7409, 9798
395, 7353
1521, 5341
4735, 4426
8110, 4234
5343, 8142
2483, 4589
5702, 7139
6323, 9405
4818, 6249
619, 5560
9152, 2165
9383, 1725
6878, 7344
7816, 8004
9372, 6634
7892, 1627
6995, 1133
1166, 7875
3061, 6755
5337, 9598
4463, 4214
1310, 1621
6464, 4872
8898, 7480
9674, 5173
9500, 1583
7849, 4123
781, 4225
3712, 663
204, 6075
2268, 8197
9180, 8401
9528, 5987
559, 2292
9797, 8181
6451, 9574
3651, 1674
5804, 5410
897, 6250
3448, 3734
8992, 4614
1434, 6341
659, 8561
8675, 5558
4828, 6823
12, 8109
264, 6489
6702, 3338
9694, 6429
9003, 306
3097, 8763
8428, 6453
7204, 5623
6673, 9005
2989, 8404
8374, 9983
9969, 4865
3326, 4561
5916, 7102
7356, 8079
2881, 319
3778, 6043
7628, 9911
4999, 8314
5690, 700
3835, 6145
6150, 7176
8239, 7264
4899, 4996
5932, 754
3986, 2969
4323, 2644
4334, 8905
4665, 1381
7087, 2252
3615, 3305
7009, 5129
7181, 3920
8361, 6282
3258, 263
1074, 7348
9543, 5111
6047, 7684
8919, 8852
1502, 518
8797, 3654
7671, 175
148, 2916
4360, 8815
1642, 3988
6085, 3517
2429, 6211
4500, 3170
4269, 1118
1856, 7105
7106, 8059
7347, 7298
8444, 3779
4238, 9570
9747, 7054
7670, 8610
7616, 4376
2988, 3106
6779, 6546
2956, 1479
9133, 2728
3264, 3057
6636, 6332
4021, 4683
6576, 310
2550, 7612
4474, 824
457, 1720
7237, 7483
3364, 4024
1759, 742
874, 5296
5672, 4053
5797, 237
1255, 9109
6387, 7407
2517, 4773
8179, 1610
4440, 1411
9256, 6474
5492, 2412
9338, 1046
3017, 3592
7381, 6406
669, 8961
3152, 6146
667, 5056
5918, 4390
5957, 9357
1643, 3165
3336, 2155
4510, 3773
1356, 8165
9967, 9114
5315, 9243
5903, 5494
4980, 4973
9527, 7447
3609, 5056
3963, 8286
172, 4329
8565, 4751
9087, 5255
4038, 4301
1621, 7847
1956, 1405
429, 9003
6953, 1944
7942, 8009
8724, 527
857, 2404
9669, 2218
8879, 85
6633, 2443
555, 9063
4784, 2929
1765, 1432
3943, 6275
6479, 9705
6405, 3339
9676, 3246
7661, 6697
772, 9029
6503, 776
9995, 9135
3319, 672
4271, 3162
5389, 2749
109, 8592
7114, 1101
9323, 8837
2935, 3047
6987, 9997
7413, 6893
8678, 6796
9737, 1680
9722, 705
9217, 3403
5203, 7316
6435, 4071
1689, 6952
4439, 6706
1467, 3577
4560, 1277
109, 970
8899, 490
2280, 5128
9556, 3083
4314, 984
6814, 9051
8569, 3376
444, 6431
2312, 318
4792, 4305
9906, 482
6921, 2124
2417, 4036
6715, 9392
7967, 3546
2302, 6573
8758, 1582
841, 7307
2970, 5977
5373, 9107
3463, 6414
4237, 1525
3216, 8738
3986, 7242
8580, 8307
8594, 6102
6686, 2974
1145, 7346
8769, 8999
2612, 1502
347, 7922
7538, 1908
2238, 416
6109, 1145
7344, 2790
7966, 1603
3949, 7439
7295, 1610
3590, 7572
7019, 4747
8674, 3960
1650, 2744
9620, 958
4207, 5965
2278, 5676
3913, 9743
2874, 1999
9060, 1577
9826, 3040
532, 5896
5319, 2438
9823, 9171
2445, 5664
2005, 7456
6561, 8695
8456, 1546
1719, 5319
479, 734
2607, 7384
4334, 3734
4945, 8463
238, 4947
9315, 2111
359, 135
9292, 5661
5621, 9227
6116, 8621
171, 5048
8863, 3355
487, 3897
6125, 3246
5478, 7998
8093, 6873
6100, 4030
1601, 2728
3214, 467
8522, 6917
3748, 7873
8154, 3169
3972, 6950
3670, 1388
9798, 7193
5797, 2168
8814, 8498
8148, 5599
3162, 9578
6238, 8457
53, 2856
2460, 3841
7969, 1245
7830, 1566
6842, 9869
7740, 4538
7952, 4251
1608, 1743
5332, 892
1334, 8378
5202, 4577
493, 897
7413, 5920
299, 5085
4229, 9964
2319, 7481
5211, 8831
7476, 743
1680, 2589
1955, 1338
8865, 5999
5716, 2145
804, 9039
4432, 5903
7282, 349
9964, 8481
1827, 8782
9711, 8789
6431, 4501
2460, 6367
9734, 2949
9199, 8935
2994, 4454
3161, 6231
6896, 2401
9004, 7865
7166, 6318
5937, 3199
2347, 8444
7988, 4937
1517, 3694
2840, 9108
1520, 2382
7119, 868
6716, 933
8360, 1949
1993, 8618
3703, 6795
3719, 1465
4568, 4227
7127, 9506
8348, 9836
1997, 8769
7511, 4770
2634, 989
3546, 5730
4455, 9339
168, 5171
7897, 4904
6588, 6544
3795, 7173
1143, 7502
2082, 4571
9392, 4490
6162, 5319
8782, 6822
3406, 6654
3779, 9633
498, 3388
192, 9334
7232, 3570
9302, 5833
2390, 1661
7666, 8310
2727, 3948
4237, 333
3521, 9287
1149, 3531
1157, 4959
2082, 753
4214, 4116
2040, 5180
272, 8047
1748, 8844
9689, 2616
2065, 9378
7836, 4473
2307, 6500
5429, 9462
6831, 5006
7521, 7217
5122, 2151
7468, 7352
2565, 6832
94, 291
1828, 1649
8131, 75
3687, 5913
492, 2354
2514, 8472
5300, 4394
9870, 3931
9097, 1913
5959, 6652
5423, 7850
836, 6989
1364, 3691
4424, 801
55, 1493
6137, 7677
7697, 1944
4007, 4901
1593, 4541
3874, 5946
716, 2351
1781, 4093
3135, 1146
7098, 2701
9047, 8966
5808, 7604
6207, 7267
1810, 2003
6561, 2396
8184, 4731
6229, 9461
4090, 3819
4150, 9960
3197, 6608
1580, 3693
8210, 3876
3285, 4580
2233, 4804
8395, 3126
6805, 2798
2924, 4683
753, 7661
4565, 1941
46, 2087
6740, 2132
5912, 3698
4607, 4767
2933, 2944
7223, 9342
5898, 5283
9089, 1487
7944, 8354
8084, 9800
5010, 8169
3312, 277
1720, 3913
8940, 6570
1439, 646
298, 2674
7243, 9573
3548, 1847
423, 526
3797, 4602
7954, 1524
6034, 5929
3274, 1408
545, 7557
8160, 4430
388, 9076
3525, 8799
6980, 7419
7203, 3740
5917, 8795
6249, 6763
1023, 2246
8539, 4105
5860, 1639
5025, 3350
1602, 1698
8070, 4748
9063, 62
2556, 2430
8294, 947
8927, 3538
9337, 8367
3659, 2729
9942, 6058
833, 7997
6468, 7704
8303, 8943
8853, 227
7896, 7800
9504, 9076
951, 8050
5846, 5346
9622, 8133
7509, 8367
4444, 4543
9576, 3361
8608, 8953
9989, 2472
4112, 1393
9901, 6295
4140, 5901
7382, 5954
102, 7287
3325, 5518
7222, 9267
1641, 5261
6227, 439
527, 1401
1429, 87
9091, 126
2533, 7843
6654, 723
2771, 8941
7644, 906
454, 3741
2982, 6764
6419, 6332
2479, 4443
1049, 3477
8116, 6360
4016, 7687
6244, 9768
6963, 5185
1178, 1512
3567, 4267
5321, 2438
8711, 5301
3945, 4843
6629, 8972
2309, 6805
7389, 4371
3108, 8286
6704, 4048
3180, 4738
2393, 8590
3156, 6147
1709, 8682
562, 5641
4569, 2547
770, 3027
331, 926
358, 3953
5311, 8456
4477, 998
388, 280
6566, 8217
2350, 3466
3596, 2750
9168, 3167
1510, 6091
9149, 7705
6817, 5027
162, 8226
2168, 5825
7834, 5978
6871, 3632
3614, 1770
8355, 8285
3820, 3616
715, 2896
5119, 9689
8658, 5543
4814, 6533
9757, 2337
1338, 51
3795, 4718
7245, 9572
1117, 727
3666, 373
5631, 8987
6442, 4200
6014, 9217
824, 8299
2112, 7367
2359, 8230
6609, 2983
1256, 7624
3542, 3248
6309, 3224
5920, 2954
279, 1785
5568, 7184
9141, 7813
3162, 1140
5936, 1852
3287, 5012
7705, 6226
995, 7315
7196, 2700
4988, 9025
8647, 1005
4464, 2253
7580, 2609
3715, 3996
1477, 3903
8623, 4317
6579, 1684
4379, 6748
372, 9979
8901, 6491
79, 4681
4534, 3362
991, 804
9941, 1737
1558, 6146
7966, 8821
8575, 9799
9155, 1863
8748, 677
4787, 6706
86, 2858
4990, 7726
1415, 923
2893, 3847
1962, 5297
9057, 7534
421, 3240
8345, 610
8516, 3260
8695, 6870
448, 5526
4597, 9966
2673, 3228
985, 9757
9809, 9798
40, 8363
4548, 671
2136, 3445
5435, 8755
4384, 1622
1286, 293
139, 9206
4441, 6138
535, 9060
8262, 558
1201, 297
6990, 3470
6104, 4607
155, 1450
7376, 594
2183, 1730
9939, 6841
2504, 9620
5849, 8224
422, 8776
3527, 4062
858, 2469
